0.0000000000 0.7950737736 0.7725239623 0.8455713208 0.6377400000 0.7671966038 0.7644196226 0.7008496226 0.7749228302 0.7857403774 0.6812743396 0.3741740377 0.8537103774 0.3066868302 0.7963767925 0.6175071698 0.7654722642 0.5221233962 0.5802360377 0.6148760377 0.6658564151 0.5354973585 0.6965966038 0.3935143396
0.0000000000 0.0000000000 0.5882345283 0.7411526415 0.6693560377 0.4483587358 0.5705035660 0.5946233962 0.3588296038 0.4964656604 0.7031711321 0.7510260189 0.5889735283 0.7733783019 0.4115230377 0.5978081132 0.5724509434 0.7751784906 0.7304894340 0.6954794340 0.6157803774 0.4539983019 0.4858130189 0.7227679245
0.0000000000 0.0000000000 0.0000000000 0.7229458491 0.2975403208 0.5940507547 0.6193945283 0.5500201887 0.2905283585 0.3124381132 0.6621122642 0.6377041509 0.6512392453 0.6743811321 0.3192423962 0.6168630189 0.5731528302 0.4674257925 0.6079609434 0.4207845283 0.3406069811 0.6052539623 0.4544992453 0.5501533962
0.0000000000 0.0000000000 0.0000000000 0.0000000000 0.7171707547 0.6002175472 0.8336528302 0.4584015094 0.7636941509 0.6607279245 0.6835596226 0.6868430189 0.4147401887 0.7188169811 0.7978849057 0.8602705660 0.5751041321 0.7530818868 0.7429475472 0.8267039623 0.7157007547 0.6944888679 0.5750996226 0.7695605660
0.0000000000 0.0000000000 0.0000000000 0.0000000000 0.0000000000 0.6096118868 0.5461309434 0.6100292453 0.5074701887 0.4504269811 0.5519800000 0.5504303774 0.7215045283 0.5908473585 0.5178783019 0.5242690566 0.5187892453 0.4786686792 0.3976945094 0.3772796038 0.1576562698 0.6786213208 0.5161194151 0.3694658491
0.0000000000 0.0000000000 0.0000000000 0.0000000000 0.0000000000 0.0000000000 0.5575441509 0.4519339623 0.6130694340 0.4803375472 0.5131433774 0.6769796226 0.3802190566 0.6759875472 0.6700928302 0.6860652830 0.3740116981 0.7531120755 0.5761449057 0.6950203774 0.6177511321 0.4882839623 0.3172222453 0.6330892453
0.0000000000 0.0000000000 0.0000000000 0.0000000000 0.0000000000 0.0000000000 0.0000000000 0.5986279245 0.5237569811 0.6394394340 0.5363149057 0.7052839623 0.7305047170 0.6775564151 0.5006794340 0.3272598491 0.5734049057 0.6706066038 0.5989586792 0.6286245283 0.5724664151 0.4723677358 0.5261801887 0.5649135849
0.0000000000 0.0000000000 0.0000000000 0.0000000000 0.0000000000 0.0000000000 0.0000000000 0.0000000000 0.5510243396 0.3745264151 0.6259533962 0.4011669811 0.6391130189 0.5116266038 0.6255001887 0.6926154717 0.3520680943 0.5320799434 0.7307726415 0.6362907547 0.6327581132 0.4193398113 0.2426707358 0.6344590566
0.0000000000 0.0000000000 0.0000000000 0.0000000000 0.0000000000 0.0000000000 0.0000000000 0.0000000000 0.0000000000 0.2655513208 0.6861567925 0.6841713208 0.7394937736 0.7853088679 0.1837854340 0.5299367925 0.5851754717 0.5861984906 0.6277977358 0.4772567925 0.4566324528 0.6214175472 0.4887756604 0.5776837736
0.0000000000 0.0000000000 0.0000000000 0.0000000000 0.0000000000 0.0000000000 0.0000000000 0.0000000000 0.0000000000 0.0000000000 0.6712505472 0.6022988679 0.6711298113 0.6964298113 0.3951986226 0.5954701887 0.4735013208 0.5335177358 0.6316828302 0.3977518868 0.4694820755 0.5779300000 0.4381135849 0.5400622642
0.0000000000 0.0000000000 0.0000000000 0.0000000000 0.0000000000 0.0000000000 0.0000000000 0.0000000000 0.0000000000 0.0000000000 0.0000000000 0.5585601887 0.5732405472 0.6961169811 0.6792039623 0.6679643396 0.3982014340 0.6658035849 0.3317076038 0.6121807547 0.5681954717 0.6996896226 0.4847218868 0.4450394340
0.0000000000 0.0000000000 0.0000000000 0.0000000000 0.0000000000 0.0000000000 0.0000000000 0.0000000000 0.0000000000 0.0000000000 0.0000000000 0.0000000000 0.7650688679 0.3927606226 0.6853975472 0.6539433962 0.5566218868 0.3218853019 0.4621943962 0.5245271698 0.4934092453 0.5594449057 0.5146301887 0.2638036792
0.0000000000 0.0000000000 0.0000000000 0.0000000000 0.0000000000 0.0000000000 0.0000000000 0.0000000000 0.0000000000 0.0000000000 0.0000000000 0.0000000000 0.0000000000 0.8148262264 0.7393635849 0.7911901887 0.4601396226 0.8288520755 0.7394671698 0.7855611321 0.7619913208 0.6843100000 0.4943479057 0.7647647170
0.0000000000 0.0000000000 0.0000000000 0.0000000000 0.0000000000 0.0000000000 0.0000000000 0.0000000000 0.0000000000 0.0000000000 0.0000000000 0.0000000000 0.0000000000 0.0000000000 0.7815081132 0.6159671698 0.7092088679 0.4704286792 0.6115126415 0.6055562264 0.6242618868 0.6334396226 0.6100913208 0.4080854717
0.0000000000 0.0000000000 0.0000000000 0.0000000000 0.0000000000 0.0000000000 0.0000000000 0.0000000000 0.0000000000 0.0000000000 0.0000000000 0.0000000000 0.0000000000 0.0000000000 0.0000000000 0.4888281132 0.5878581132 0.5306109434 0.5940486792 0.3677179245 0.4760501887 0.5589530189 0.5618984906 0.5599913208
0.0000000000 0.0000000000 0.0000000000 0.0000000000 0.0000000000 0.0000000000 0.0000000000 0.0000000000 0.0000000000 0.0000000000 0.0000000000 0.0000000000 0.0000000000 0.0000000000 0.0000000000 0.0000000000 0.6397571698 0.6073245283 0.4896213208 0.5040235849 0.4959903774 0.4207894340 0.6115443396 0.4431877358
0.0000000000 0.0000000000 0.0000000000 0.0000000000 0.0000000000 0.0000000000 0.0000000000 0.0000000000 0.0000000000 0.0000000000 0.0000000000 0.0000000000 0.0000000000 0.0000000000 0.0000000000 0.0000000000 0.0000000000 0.7232864151 0.5460490566 0.5652856604 0.5478350943 0.5094222642 0.1402229811 0.5311154717
0.0000000000 0.0000000000 0.0000000000 0.0000000000 0.0000000000 0.0000000000 0.0000000000 0.0000000000 0.0000000000 0.0000000000 0.0000000000 0.0000000000 0.0000000000 0.0000000000 0.0000000000 0.0000000000 0.0000000000 0.0000000000 0.6196171698 0.2428326226 0.4455175472 0.6418450943 0.6778037736 0.5057841509
0.0000000000 0.0000000000 0.0000000000 0.0000000000 0.0000000000 0.0000000000 0.0000000000 0.0000000000 0.0000000000 0.0000000000 0.0000000000 0.0000000000 0.0000000000 0.0000000000 0.0000000000 0.0000000000 0.0000000000 0.0000000000 0.0000000000 0.4863677358 0.4155316981 0.6396603774 0.5551816981 0.2845171132
0.0000000000 0.0000000000 0.0000000000 0.0000000000 0.0000000000 0.0000000000 0.0000000000 0.0000000000 0.0000000000 0.0000000000 0.0000000000 0.0000000000 0.0000000000 0.0000000000 0.0000000000 0.0000000000 0.0000000000 0.0000000000 0.0000000000 0.0000000000 0.4235364151 0.6322292453 0.5762190566 0.3589537736
0.0000000000 0.0000000000 0.0000000000 0.0000000000 0.0000000000 0.0000000000 0.0000000000 0.0000000000 0.0000000000 0.0000000000 0.0000000000 0.0000000000 0.0000000000 0.0000000000 0.0000000000 0.0000000000 0.0000000000 0.0000000000 0.0000000000 0.0000000000 0.0000000000 0.6391175472 0.5905181132 0.3822724528
0.0000000000 0.0000000000 0.0000000000 0.0000000000 0.0000000000 0.0000000000 0.0000000000 0.0000000000 0.0000000000 0.0000000000 0.0000000000 0.0000000000 0.0000000000 0.0000000000 0.0000000000 0.0000000000 0.0000000000 0.0000000000 0.0000000000 0.0000000000 0.0000000000 0.0000000000 0.4424988679 0.5742090566
0.0000000000 0.0000000000 0.0000000000 0.0000000000 0.0000000000 0.0000000000 0.0000000000 0.0000000000 0.0000000000 0.0000000000 0.0000000000 0.0000000000 0.0000000000 0.0000000000 0.0000000000 0.0000000000 0.0000000000 0.0000000000 0.0000000000 0.0000000000 0.0000000000 0.0000000000 0.0000000000 0.4576539434
0.0000000000 0.0000000000 0.0000000000 0.0000000000 0.0000000000 0.0000000000 0.0000000000 0.0000000000 0.0000000000 0.0000000000 0.0000000000 0.0000000000 0.0000000000 0.0000000000 0.0000000000 0.0000000000 0.0000000000 0.0000000000 0.0000000000 0.0000000000 0.0000000000 0.0000000000 0.0000000000 0.0000000000
